0
1
352 0
397 2
417 2
495 3
519 3
525 2
555 2
599 2
615 2
653 2
671 2
694 2
705 2
737 3
760 3
793 0
794 2
821 2
830 2
835 2
856 0
899 3
928 3
967 3
977 3
998 3
1013 3
1030 2
1071 2
1074 0
1102 3
1133 3
1136 2
1186 2
1190 3
1202 0
1228 3
1255 2
1308 2
1333 3
1337 3
1353 3
1368 3
1402 2
1414 2
1484 2
1546 2
1553 3
1608 3
1634 3
1691 3
1696 0
1699 2
1760 0
1760 2
1793 2
1801 2
1840 2
1849 2
1861 3
1879 3
1905 2
1924 2
2006 2
2016 2
2039 3
2051 3
2071 2
2081 2
2094 2
2119 2
2155 3
2183 0
2189 3
2197 3
2210 3
2233 2
2246 2
2256 3
2275 3
2297 2
2336 0
2342 2
2365 3
2404 3
2410 2
2475 2
2507 3
2514 3
2589 2
2607 2
2644 3
2665 3
2672 2
2717 2
2727 3
2798 3
2817 2
2840 2
2942 2
2966 0
2967 2
2979 3
3000 3
3002 0
3022 2
3043 2
3063 2
3078 2
3176 3
3185 3
3205 2
3218 0
3261 2
3277 3
3305 3
3309 0
3328 2
3334 2
3343 3
3348 3
3359 3
3371 3
3377 3
3449 3
3456 2
3509 2
3537 2
3555 2
3586 2
3593 2
3631 3
3651 3
3662 2
3690 2
3708 3
3725 3
3741 2
3766 2
3790 3
3813 3
3822 2
3862 0
3873 2
3887 3
3944 3
3953 0
4001 3
4010 3
4041 2
4063 0
4070 2
4106 0
4115 3
4128 3
4147 2
4174 2
4216 2
4245 2
4301 3
4335 3
4341 2
4389 2
4425 3
4439 3
4466 3
4484 3
4534 3
4558 3
4576 2
4600 2
4628 2
4641 2
4670 3
4677 3
4704 2
4710 2
4751 2
4759 2
4780 2
4787 2
4808 2
4819 2
4874 3
4888 3
4902 2
4907 0
4960 2
4971 0
4982 3
5002 3
5032 3
5038 0
5079 3
5107 3
5140 3
5145 0
5170 2
5228 2
5266 2
5279 2
5339 3
5351 3
5381 2
5401 2
5473 3
5494 3
5500 2
5539 0
5553 2
5557 3
5559 0
5601 2
5601 3
5605 0
5647 0
5655 2
5655 3
5713 3
5793 2
* 97.08629322052002