0
1
365 0
439 2
445 2
500 3
507 3
538 2
556 2
584 0
607 2
635 2
641 0
685 0
700 2
734 2
739 0
754 3
802 3
822 2
866 2
918 2
933 2
949 3
987 3
1026 3
1041 3
1117 2
1132 2
1160 2
1190 2
1200 3
1220 3
1235 3
1249 3
1258 2
1289 2
1325 2
1328 2
1348 2
1354 2
1392 0
1437 2
1476 2
1491 0
1505 3
1517 3
1523 2
1544 2
1561 3
1630 3
1660 3
1670 3
1731 2
1781 2
1802 0
1817 2
1827 2
1838 0
1853 3
1873 3
1900 2
1911 2
1948 2
1960 2
2066 2
2087 2
2147 3
2151 0
2154 0
2172 3
2226 3
2244 3
2280 2
2306 2
2327 3
2335 3
2344 2
2368 2
2382 2
2392 2
2426 2
2433 2
2482 2
2493 2
2509 3
2521 3
2533 2
2540 2
2560 2
2564 2
2593 0
2630 3
2673 3
2675 0
2707 2
2735 2
2742 3
2764 3
2770 2
2789 2
2857 2
2868 2
2892 3
2911 3
2924 2
2967 2
2989 3
2999 3
3049 0
3074 2
3105 2
3109 0
3125 3
3131 3
3152 2
3170 2
3217 3
3243 3
3254 3
3305 3
3329 2
3360 2
3383 2
3413 2
3436 0
3449 2
3456 2
3473 3
3495 3
3496 0
3521 2
3536 2
3553 2
3568 2
3617 3
3629 3
3657 2
3679 2
3726 2
3734 2
3775 3
3780 3
3794 3
3822 3
3839 0
3865 3
3873 3
3881 0
3925 2
3955 2
4020 2
4044 2
4096 2
4104 2
4211 2
4217 2
4266 3
4278 3
4303 3
4317 3
4357 3
4381 3
4393 2
4438 2
4487 3
4509 3
4530 2
4567 2
4579 0
4600 2
4607 2
4643 0
4672 3
4697 3
4704 2
4765 0
4767 0
4772 2
4796 3
4812 3
4832 2
4835 2
4846 3
4885 3
4900 3
4934 3
4962 2
5007 2
5026 2
5036 2
5067 2
5075 2
5111 3
5120 3
5128 2
5138 2
5181 0
5226 0
5250 2
5263 2
5331 2
5348 2
5407 3
5453 3
5485 2
5509 2
5528 3
* 92.47458171844482