0
3
370 0
547 2
565 2
620 2
629 2
678 2
706 2
831 3
840 3
847 2
875 2
896 3
904 3
934 3
949 3
984 3
1008 3
1083 2
1118 2
1143 0
1170 0
1181 3
1206 3
1214 2
1220 2
1235 2
1272 2
1362 3
1369 3
1376 2
1398 2
1434 2
1455 2
1500 3
1568 3
1574 3
1586 3
1606 2
1657 2
1690 2
1701 2
1807 2
1812 2
1858 3
1864 3
1886 2
1907 2
1955 3
1961 3
1968 2
1989 2
2001 3
2021 3
2069 3
2097 3
2121 2
2141 2
2169 2
2183 2
2201 3
2214 3
2215 2
2225 2
2228 2
2242 2
2247 2
2261 2
2295 2
2302 2
2356 3
2369 3
2382 2
2388 2
2404 2
2422 2
2452 3
2456 3
2462 3
2476 3
2479 0
2500 3
2539 3
2549 2
2576 2
2580 0
2605 3
2619 3
2630 2
2644 2
2663 2
2674 2
2686 2
2700 2
2710 3
2713 0
2723 3
2724 1
2734 2
2742 2
2753 1
2754 3
2761 0
2768 3
2793 2
2809 2
2821 2
2835 2
2859 2
2863 2
2936 3
2957 3
2964 2
3028 2
3088 3
3110 3
3120 3
3147 3
3156 3
3184 3
3228 2
3232 0
3270 2
3294 2
3306 2
3318 2
3329 2
3339 0
3358 3
3374 3
3407 2
3420 2
3498 2
3509 2
3521 3
3543 3
3549 2
3582 2
3620 3
3631 3
3636 2
3657 2
3680 2
3693 2
3715 3
3770 3
3835 2
3863 2
3922 3
3930 3
3941 2
3968 2
3981 2
3992 2
4018 2
4025 2
4064 3
4074 3
4105 2
4117 2
4135 2
4145 2
4169 3
4179 3
4191 3
4211 3
4239 2
4250 2
4266 3
4300 3
4314 2
4331 2
4340 2
4354 2
4369 2
4375 2
4414 3
4424 3
4445 2
4453 2
4466 2
4487 2
4504 3
4510 3
4539 0
4545 2
4558 2
4580 3
4601 3
4608 2
4643 2
4651 0
4675 2
4678 0
4708 0
4714 2
4733 3
4750 3
4756 2
4775 2
4781 3
4797 3
4814 3
4873 3
4875 0
4913 3
4921 3
4938 3
4946 3
4952 2
4971 2
5000 2
5011 0
5035 2
5050 2
5058 2
5090 2
5103 2
5126 3
5141 3
5165 3
5176 3
5187 2
5213 2
5266 3
5283 3
5289 2
5302 2
5314 2
5320 2
5328 2
5341 2
5350 2
5358 2
5370 3
5375 3
5488 2
5498 2
5512 3
5558 3
5583 2
5605 2
* 94.1625165939331