0
1
352 0
434 2
447 2
572 2
590 2
620 2
632 2
645 2
657 2
738 0
769 0
782 2
790 2
815 0
821 2
842 2
856 3
893 3
898 2
917 0
939 2
947 3
1029 3
1035 2
1068 2
1085 2
1087 2
1146 2
1161 0
1173 2
1212 3
1225 3
1264 0
1284 3
1294 3
1313 2
1349 2
1374 2
1395 2
1414 3
1451 3
1455 2
1490 2
1520 2
1534 2
1559 2
1569 2
1625 3
1705 3
1741 2
1794 2
1824 2
1837 2
1884 3
1889 3
1915 2
1921 2
1938 0
1984 0
1992 3
2000 3
2041 2
2069 2
2104 3
2110 3
2123 2
2132 2
2193 2
2200 2
2209 3
2251 3
2321 2
2348 2
2386 2
2391 2
2408 2
2426 2
2489 2
2501 2
2619 2
2626 2
2664 3
2680 3
2708 3
2745 3
2756 2
2775 2
2816 2
2852 2
2865 3
2885 3
2911 2
2924 2
2964 2
2972 2
3027 2
3042 2
3092 3
3096 3
3120 2
3159 2
3182 3
3197 3
3217 3
3242 3
3247 3
3253 0
3304 3
3313 2
3365 0
3378 2
3441 2
3452 2
3554 2
3561 2
3659 2
3675 2
3692 3
3703 3
3733 2
3744 2
3760 2
3779 2
3781 0
3812 3
3858 3
3866 0
3866 2
3887 2
3893 3
3917 3
3936 3
3949 3
3957 2
3995 2
4067 2
4098 2
4107 3
4116 3
4136 2
4143 2
4179 2
4192 2
4215 3
4230 3
4243 2
4262 2
4336 3
4366 3
4417 3
4434 3
4448 2
4488 2
4502 0
4513 3
4515 0
4537 3
4545 2
4558 2
4607 2
4625 2
4655 2
4677 2
4687 3
4709 3
4731 2
4748 2
4797 2
4818 2
4842 2
4864 2
4874 3
4928 3
4941 3
4973 3
5003 2
5017 2
5039 0
5042 2
5084 2
5114 0
5137 0
5138 2
5143 2
5184 0
5216 3
5231 3
5246 2
5267 2
5293 3
5297 3
5302 2
5312 2
5339 0
5341 3
5349 3
5371 2
5405 2
5407 3
5427 0
5446 3
5452 2
5467 0
5514 3
5521 0
5523 2
5526 2
5526 3
5530 2
5536 3
5600 3
5647 3
5657 3
5682 2
5705 2
5730 0
* 95.84996676445007