1
2
352 0
449 2
454 2
532 2
542 2
566 2
577 2
590 2
598 2
617 2
627 0
641 2
652 0
678 2
710 2
731 3
746 3
767 2
770 2
795 2
811 2
841 0
869 0
890 3
921 3
944 3
969 3
983 0
1014 0
1020 2
1067 2
1109 3
1124 3
1147 0
1183 2
1248 0
1255 2
1272 3
1323 3
1334 2
1371 2
1399 2
1401 0
1463 0
1474 2
1483 3
1628 0
1633 3
1642 2
1719 0
1749 2
1808 0
1841 3
1863 0
1865 3
1876 2
1917 2
1935 3
1961 3
1974 2
2001 2
2040 2
2045 2
2082 2
2112 2
2127 0
2131 3
2165 0
2180 3
2194 2
2209 2
2216 3
2258 3
2275 2
2343 2
2379 2
2387 2
2427 2
2444 2
2515 2
2522 2
2545 2
2552 2
2562 0
2601 3
2641 0
2646 3
2667 2
2692 2
2696 3
2732 3
2734 3
2744 3
2748 2
2790 2
2816 2
2827 2
2854 3
2885 3
2888 0
2889 2
2950 0
2970 2
2996 3
3034 3
3038 2
3050 0
3062 2
3070 2
3111 0
3118 2
3181 3
3295 3
3301 2
3362 0
3415 0
3417 2
3423 3
3437 3
3443 3
3448 3
3471 3
3486 3
3511 2
3517 2
3545 2
3555 0
3566 2
3592 0
3643 2
3655 2
3669 0
3673 2
3714 2
3720 3
3721 0
3796 3
3834 3
3840 3
3868 2
3879 0
3888 2
3904 2
3924 2
3928 0
3965 0
3972 2
4000 2
4022 0
4036 2
4051 2
4068 2
4078 2
4095 2
4100 2
4137 3
4152 3
4159 2
4173 2
4179 2
4181 0
4187 2
4198 0
4201 2
4208 2
4220 3
4245 3
4285 0
4291 3
4306 3
4315 3
4349 0
4352 3
4366 2
4421 2
4439 3
4447 3
4455 2
4462 2
4484 3
4494 3
4515 2
4534 2
4553 2
4565 2
4582 2
4588 2
4612 2
4617 2
4688 0
4695 2
4764 2
4769 0
4792 3
4920 3
4932 2
5004 2
5027 2
5034 2
5048 2
5057 2
5066 0
5102 2
5109 2
5110 0
5138 3
5155 3
5163 2
5179 2
5198 2
5209 2
5239 3
5249 3
5257 2
5284 2
5317 2
5320 0
5340 2
5354 3
5356 0
5426 0
5441 3
5462 2
5467 0
5514 0
* 90.65295052528381