0
3
352 0
395 2
403 2
514 0
521 0
539 0
543 2
558 2
570 0
629 0
632 2
644 2
666 0
670 2
674 0
691 2
694 0
721 2
741 2
759 3
764 0
787 3
791 0
794 2
807 2
853 2
858 2
865 2
868 2
887 2
898 2
919 0
921 3
926 3
928 3
939 3
958 0
968 3
989 3
1017 3
1032 3
1058 2
1083 2
1103 0
1117 0
1130 2
1141 2
1183 3
1193 0
1198 3
1214 2
1240 2
1273 2
1284 2
1299 0
1333 2
1339 2
1368 3
1378 3
1431 2
1447 0
1463 2
1476 0
1490 2
1510 2
1541 0
1581 3
1620 0
1657 3
1667 0
1687 3
1703 0
1703 3
1711 2
1740 2
1764 2
1770 0
1786 2
1787 0
1811 2
1822 0
1823 2
1846 0
1852 2
1861 2
1879 3
1890 3
1920 2
1926 2
1953 2
1956 2
1960 0
1962 0
1972 2
1981 2
1992 3
1999 3
2052 2
2060 2
2101 0
2111 2
2112 0
2117 0
2140 2
2144 0
2162 3
2182 3
2195 0
2202 3
2209 3
2215 0
2228 3
2252 3
2275 2
2285 2
2297 3
2304 3
2321 2
2336 0
2339 2
2343 0
2346 0
2347 0
2389 0
2390 0
2396 0
2400 2
2438 2
2461 3
2474 3
2478 0
2493 2
2511 2
2528 0
2530 2
2543 2
2564 3
2586 3
2614 3
2620 3
2622 0
2630 2
2671 2
2712 3
2718 3
2734 3
2759 3
2800 3
2826 3
2839 0
2846 2
2854 2
2863 3
2870 3
2873 0
2893 2
2927 2
2948 0
2971 0
2991 3
3002 3
3061 2
3078 2
3082 2
3087 0
3094 2
3137 0
3143 2
3148 2
3170 3
3177 3
3187 2
3193 2
3219 0
3224 2
3232 2
3255 0
3273 2
3274 0
3308 2
3310 0
3324 3
3335 3
3344 2
3360 2
3374 3
3383 0
3385 0
3454 3
3477 3
3484 3
3497 2
3516 0
3544 2
3578 2
3587 2
3600 0
3615 2
3625 2
3668 2
3671 2
3749 3
3761 3
3785 2
3794 2
3812 2
3831 0
3834 2
3872 0
3922 2
3934 2
3943 0
3980 3
3987 0
3991 3
4009 3
4042 3
4105 2
4124 2
4161 0
4163 2
4173 2
4186 0
4199 0
4207 2
4222 2
4227 0
4248 2
4261 0
4262 2
4275 0
4293 0
4306 0
4314 2
4322 2
4329 0
4338 0
4351 0
4361 3
4375 3
4393 0
4404 2
4436 2
4453 3
4458 3
4474 3
4502 3
4524 0
4547 2
4551 2
4562 3
4563 0
4589 3
4614 2
4648 2
4654 0
4669 0
4701 3
4710 3
4730 0
4746 0
4762 2
4772 2
4780 0
4796 0
4801 2
4822 2
4861 2
4869 0
4871 2
4888 3
4901 3
4917 2
4925 2
4937 0
4964 2
4965 0
4976 2
4991 2
5002 0
5023 2
5030 0
5065 0
5067 3
5100 3
5103 0
5111 3
5127 0
5127 3
5134 3
5169 3
5202 0
5211 2
5244 0
5252 2
5264 0
5277 2
5291 2
5312 0
5327 0
5338 2
5353 2
5368 0
5386 3
5407 0
5408 3
5432 2
5451 2
5488 2
5495 2
5503 0
5617 2
5631 2
5672 2
5690 2
5728 3
5753 3
5803 3
5830 3
5867 2
5894 2
5895 0
* 98.18631887435913