1
2
352 0
529 2
546 2
589 0
595 2
602 2
620 2
675 0
681 2
735 2
741 2
828 3
838 3
852 2
888 2
906 3
930 3
950 3
965 3
991 3
999 3
1012 3
1027 3
1053 2
1064 2
1081 2
1088 2
1105 2
1112 2
1123 2
1133 2
1149 3
1157 3
1195 2
1235 2
1292 3
1301 3
1332 2
1341 2
1353 0
1357 2
1428 2
1438 3
1459 0
1495 3
1513 3
1529 3
1537 3
1596 3
1616 2
1684 2
1706 2
1734 2
1756 3
1781 3
1791 2
1812 2
1850 3
1859 3
1870 2
1892 2
1959 2
1993 2
2009 3
2075 3
2123 2
2136 2
2164 2
2182 2
2200 2
2227 2
2252 2
2267 2
2288 2
2302 2
2329 3
2343 3
2362 2
2377 2
2403 2
2411 2
2436 3
2465 3
2478 3
2491 3
2513 3
2536 3
2552 2
2602 2
2641 3
2651 3
2691 2
2713 2
2718 2
2730 2
2839 2
2842 0
2905 2
2915 0
2941 3
3058 3
3087 2
3156 2
3182 2
3208 2
3218 3
3242 3
3256 2
3273 2
3299 2
3303 2
3323 3
3335 3
3350 2
3373 2
3405 2
3416 2
3434 2
3451 2
3470 3
3513 3
3532 3
3543 3
3562 3
3576 3
3586 2
3596 2
3608 2
3639 2
3677 0
3684 2
3734 0
3736 2
3773 3
3781 3
3818 0
3842 2
3847 2
3873 2
3904 0
3906 2
3922 3
3968 3
3995 3
4004 3
4032 3
4056 3
4077 2
4103 2
4120 2
4127 2
4142 2
4148 2
4165 2
4170 2
4185 3
4194 3
4236 2
4260 2
4274 2
4287 2
4325 2
4333 2
4381 3
4393 3
4400 0
4401 2
4471 0
4480 2
4499 3
4633 3
4643 2
4720 2
4740 2
4760 2
4777 3
4789 3
4815 2
4824 2
4897 2
4903 2
4939 2
4950 2
4963 2
4970 2
4978 2
4983 2
5007 2
5015 2
5046 3
5078 3
5090 3
5109 3
5123 3
5130 3
5148 2
5164 0
5166 2
* 84.37094068527222