0
2
352 0
397 3
412 3
463 3
470 3
493 2
524 2
549 2
555 2
634 2
647 2
661 2
686 2
699 0
731 3
752 0
754 3
760 2
784 2
798 0
863 0
889 0
892 2
916 2
947 3
1001 0
1003 3
1036 2
1068 2
1077 3
1131 3
1143 2
1165 2
1195 2
1199 0
1240 2
1250 3
1305 0
1306 3
1314 2
1369 2
1439 2
1448 2
1475 3
1485 3
1546 0
1579 2
1612 2
1617 3
1625 3
1640 2
1700 2
1709 2
1715 2
1722 3
1726 0
1727 3
1773 3
1834 3
1897 3
1939 3
1953 2
1973 2
1990 2
2016 2
2052 2
2076 2
2093 0
2137 3
2161 3
2165 2
2219 2
2226 0
2233 3
2300 3
2307 2
2339 0
2380 0
2389 2
2396 3
2435 3
2437 2
2478 2
2507 3
2545 3
2588 3
2604 3
2652 2
2682 2
2700 3
2713 3
2730 2
2761 2
2808 2
2820 2
2857 2
2866 2
2889 3
2915 3
2923 0
2929 2
2981 2
2985 3
3029 0
3032 3
3058 2
3066 2
3103 3
3147 3
3166 2
3214 2
3269 3
3278 3
3355 2
3379 2
3413 2
3420 2
3522 0
3537 2
3583 2
3593 3
3606 0
3610 3
3671 3
3675 0
3756 3
3760 0
3768 2
3795 2
3818 3
3827 3
3834 2
3871 2
3891 2
3902 2
3928 2
3938 2
3962 3
3976 0
3991 3
3995 2
4032 2
4035 0
4073 3
4101 3
4110 2
4147 2
4159 3
4177 3
4184 2
4200 2
4219 2
4241 2
4256 0
4258 3
4283 3
4289 0
4308 3
4333 3
4402 2
4426 2
4435 0
4453 3
4462 3
4468 0
4489 2
4516 2
4534 2
4552 2
4588 0
4609 3
4622 3
4648 2
4673 2
4716 0
4740 2
4752 2
4773 3
4802 3
4872 3
4874 0
4910 3
4914 0
4924 2
4967 2
4983 3
5013 3
5019 2
5064 2
5086 3
5105 3
5146 2
5158 2
5166 2
5178 2
5228 2
5235 2
5264 0
5280 3
5294 3
5296 2
5345 2
5349 3
5363 3
5368 0
5369 2
5395 2
5438 3
5509 3
5535 3
5553 3
5584 2
5644 2
5673 3
5689 3
5696 2
5730 2
5739 3
5749 3
5776 3
5796 3
5805 2
5826 2
5898 2
5909 2
5949 2
5954 2
5975 2
5987 2
6015 3
6020 0
6028 3
6053 3
6086 3
6102 0
6155 2
6186 2
* 103.47102165222168