0
1
367 0
390 2
401 2
422 2
430 2
461 3
467 3
551 2
558 2
572 2
579 2
598 2
605 2
623 2
630 2
649 2
656 2
683 2
703 2
738 3
752 3
766 2
776 2
811 2
817 2
853 2
859 2
860 0
880 0
891 3
907 3
947 0
956 3
970 3
971 3
975 3
989 0
1008 3
1017 3
1035 2
1061 2
1073 3
1080 3
1098 2
1104 2
1109 0
1159 0
1180 2
1186 2
1214 2
1226 2
1234 0
1239 0
1246 0
1249 2
1266 2
1286 3
1301 3
1308 2
1324 2
1328 0
1354 3
1367 3
1393 2
1428 2
1442 2
1455 2
1488 2
1496 2
1512 3
1552 3
1557 0
1566 3
1588 3
1608 3
1647 3
1660 2
1665 0
1720 2
1768 2
1778 2
1795 2
1802 2
1849 3
1859 3
1874 2
1887 2
1930 3
1936 3
1947 2
1955 2
1964 0
1995 0
2013 2
2029 2
2051 3
2058 3
2088 2
2091 0
2114 2
2138 3
2152 3
2187 3
2196 0
2202 3
2233 3
2264 3
2287 2
2297 2
2320 2
2329 2
2341 2
2353 2
2375 3
2380 3
2394 2
2404 2
2431 2
2440 2
2455 2
2470 2
2502 0
2524 2
2536 2
2549 3
2559 3
2565 2
2586 0
2588 2
2610 3
2640 3
2644 2
2688 2
2696 3
2723 3
2752 3
2770 3
2804 0
2812 3
2819 3
2840 0
2871 2
2892 2
2910 3
2920 3
2931 2
2941 2
2972 2
2976 2
2995 3
3005 3
3022 0
3025 2
3029 2
3045 2
3074 2
3091 0
3158 2
3168 2
3183 3
3195 3
3211 2
3224 2
3240 2
3271 2
3301 3
3310 3
3336 3
3342 3
3344 0
3353 3
3365 3
3374 3
3445 0
3446 3
3459 2
3502 2
3505 2
3508 2
3535 2
3553 2
3608 2
3616 2
3649 2
3653 2
3673 3
3682 3
3702 2
3709 2
3746 2
3753 2
3780 3
3787 3
3811 0
3814 2
3843 2
3861 3
3882 3
3888 2
3925 2
3927 0
3950 3
3973 3
4009 3
4025 3
4074 3
4085 3
4118 3
4122 3
4139 2
4152 2
4173 2
4189 2
4225 2
4233 2
4250 2
4258 2
4285 2
4296 2
4315 2
4323 2
4376 3
4392 3
4401 2
4415 2
4432 2
4435 0
4441 2
4452 2
4462 2
4483 3
4498 3
4532 0
4559 3
4594 3
4617 3
4630 3
4651 2
4682 2
4726 2
4735 2
4768 3
4777 3
4818 2
4833 2
4862 2
4873 2
4913 2
4924 2
4946 3
4958 3
4998 2
5010 2
5018 2
5055 2
5105 3
5155 3
5184 3
5226 3
5238 2
5313 2
5339 3
5348 3
5370 2
5377 2
5394 3
5402 3
5420 2
5433 2
5445 3
5461 3
5477 2
5484 2
5502 2
5512 2
5556 2
5567 2
5602 2
5607 2
5650 0
5698 3
5746 0
5746 3
5776 2
5805 2
* 96.54636096954346