0
3
352 0
409 3
426 3
459 2
497 2
545 3
569 3
588 2
619 2
648 2
664 2
676 2
682 2
745 2
752 2
772 0
788 0
798 3
812 3
827 2
858 0
862 2
867 3
893 3
896 2
911 2
938 3
953 3
955 0
990 3
1009 3
1029 3
1064 3
1075 2
1082 0
1134 0
1137 2
1162 3
1176 0
1192 3
1197 2
1205 0
1232 2
1246 3
1276 3
1300 2
1355 2
1385 3
1415 3
1417 2
1442 2
1446 3
1472 3
1473 2
1475 0
1486 0
1540 2
1555 3
1574 3
1594 3
1603 3
1617 3
1689 3
1702 2
1765 2
1819 2
1829 2
1836 2
1845 2
1854 3
1884 3
1891 2
1917 2
1945 3
1951 3
1976 2
1984 2
2042 2
2063 2
2131 3
2167 3
2271 2
2292 2
2347 2
2371 2
2419 2
2430 2
2512 3
2522 3
2540 2
2568 2
2592 3
2620 3
2648 3
2670 3
2740 2
2765 2
2792 2
2799 2
2825 3
2836 3
2872 2
2881 2
2900 2
2926 2
2968 3
2986 3
3005 2
3022 2
3037 2
3057 2
3077 3
3086 3
3087 2
3117 2
3131 3
3160 3
3169 3
3221 3
3251 2
3280 2
3294 3
3303 3
3309 2
3330 2
3331 0
3342 2
3368 2
3376 3
3401 3
3403 2
3421 2
3431 3
3441 3
3449 0
3465 2
3475 2
3488 2
3498 2
3530 3
3539 3
3546 3
3560 3
3577 2
3628 2
3641 3
3677 3
3683 2
3727 2
3750 3
3786 3
3807 3
3817 3
3873 3
3890 3
3900 2
3942 2
4013 2
4037 2
4100 2
4108 2
4152 3
4169 3
4179 2
4206 2
4220 0
4243 3
4272 0
4277 3
4303 2
4313 2
4332 3
4359 3
4382 2
4419 2
4438 3
4448 3
4457 2
4461 0
4465 2
4480 3
4499 3
4506 0
4525 2
4572 2
4627 3
4644 3
4670 2
4689 2
4722 2
4730 2
4753 2
4784 2
4806 3
4822 3
4841 3
4910 3
4921 2
4942 2
4950 3
4969 3
4972 2
5018 2
5051 2
5071 2
5091 3
5102 3
5147 3
5152 3
5163 2
5186 2
5197 3
5221 3
5231 2
5265 2
5286 3
5297 3
5317 2
5332 2
5369 3
5386 3
5415 3
5428 3
5429 0
5454 3
5468 3
5490 2
5514 2
* 91.64899110794067