1
1
352 0
361 2
373 2
399 2
409 2
533 2
553 2
598 2
622 2
646 2
657 2
679 2
703 2
746 3
771 3
779 2
817 2
830 0
838 3
857 3
890 0
914 3
969 3
997 2
1049 2
1065 3
1078 3
1128 2
1145 2
1182 2
1216 2
1236 3
1259 3
1261 0
1279 2
1310 2
1334 2
1394 0
1407 2
1419 3
1476 0
1531 0
1544 3
1552 0
1567 3
1582 0
1590 3
1609 2
1684 2
1722 2
1745 2
1766 3
1790 3
1799 2
1821 2
1867 3
1876 3
1890 2
1903 2
1918 2
1927 2
1986 2
2031 2
2034 0
2038 3
2127 0
2141 3
2148 2
2182 2
2213 2
2220 2
2242 2
2258 2
2303 2
2343 2
2393 2
2407 2
2502 2
2516 2
2533 3
2547 3
2562 3
2581 3
2615 3
2653 3
2661 2
2714 2
2753 3
2774 3
2793 2
2822 2
2842 2
2866 2
2911 3
2920 3
2947 0
2958 2
3003 2
3031 2
3037 0
3058 2
3075 3
3112 3
3123 3
3128 0
3224 3
3225 0
3250 2
3325 2
3354 2
3376 2
3415 3
3426 3
3445 2
3457 2
3520 3
3527 3
3543 2
3572 2
3601 3
3610 3
3627 2
3655 2
3689 3
3704 3
3715 3
3736 3
3750 3
3769 3
3814 2
3831 2
3843 2
3848 2
3861 2
3880 2
3895 2
3916 2
3953 2
3975 2
4026 3
4039 3
4051 2
4080 2
4096 3
4103 3
4110 3
4126 3
4150 3
4162 3
4175 3
4196 3
4211 3
4219 3
4230 2
4236 2
4251 2
4279 2
4299 2
4308 2
4326 3
4331 3
4342 3
4349 3
4369 2
4391 2
4403 2
4419 2
4522 2
4553 0
4560 2
4575 2
4589 2
4627 0
4642 3
4655 0
4785 0
4804 3
4814 2
4885 2
4901 2
4931 2
4975 2
4981 2
5000 3
5019 3
5035 2
5057 2
5100 0
5101 2
5110 2
5124 0
5129 3
5143 3
5167 2
5198 2
5243 2
5265 2
5282 3
5325 0
5325 3
5355 3
5383 3
5388 0
5417 2
5440 0
5445 2
* 89.48604655265808