1
1
352 0
355 2
373 2
396 2
404 2
552 2
570 2
589 2
597 2
607 2
632 2
659 2
668 2
686 2
695 2
740 0
798 2
823 2
832 0
850 3
867 3
911 3
925 3
942 0
943 3
996 3
999 0
1012 2
1059 2
1080 3
1090 3
1102 2
1112 2
1130 2
1138 2
1174 3
1185 3
1211 0
1219 2
1253 2
1266 2
1279 2
1297 0
1326 2
1335 2
1356 3
1372 3
1393 2
1408 2
1424 2
1430 0
1484 2
1489 0
1528 3
1563 0
1587 3
1598 3
1606 3
1612 3
1670 0
1684 3
1698 2
1783 2
1815 2
1830 2
1840 2
1844 2
1860 3
1864 3
1881 3
1899 3
1911 2
1932 2
1943 2
1951 2
1958 3
1969 3
1985 2
1995 2
2031 2
2035 2
2068 2
2081 2
2092 2
2119 2
2136 3
2177 3
2185 3
2195 3
2204 3
2227 3
2257 2
2283 2
2302 2
2318 2
2330 2
2339 2
2362 2
2387 2
2417 2
2435 2
2459 3
2469 3
2524 2
2534 0
2537 2
2555 2
2567 2
2589 3
2635 3
2644 0
2669 3
2694 3
2746 2
2774 2
2828 2
2838 2
2849 0
2892 3
2898 3
2921 2
2952 0
2984 2
3015 3
3048 3
3062 2
3074 2
3095 2
3106 2
3117 2
3144 2
3157 2
3171 0
3189 2
3215 0
3232 3
3248 3
3265 3
3296 0
3391 0
3396 3
3400 2
3415 0
3482 0
3538 2
3582 3
3592 3
3607 2
3613 2
3621 3
3634 3
3656 2
3662 2
3696 2
3701 2
3768 2
3774 2
3789 2
3804 2
3866 2
3898 2
3911 3
3933 3
3945 3
3959 3
3970 3
3975 3
3986 3
4013 3
4039 2
4062 2
4094 0
4098 2
4119 2
4130 2
4165 0
4172 2
4191 3
4201 3
4211 2
4225 2
4315 2
4324 2
4340 2
4351 2
4379 3
4411 3
4434 3
4461 3
4464 3
4467 3
4488 2
4497 2
4510 2
4537 2
4642 0
4661 2
4715 2
4720 0
4736 3
4768 3
4781 0
4806 2
4890 0
4891 2
4903 2
4906 2
4910 2
4921 2
4952 3
4999 3
5012 3
5021 3
5033 3
5072 0
5107 0
5107 3
5124 2
5206 0
5213 2
5228 0
5373 2
5386 2
5455 2
5464 2
5466 0
5484 2
5523 0
5529 2
5536 3
5605 3
5632 3
5644 3
5663 2
5675 2
5685 2
5693 2
5702 2
5706 0
5707 2
* 95.15736532211304