0
3
352 0
527 2
558 2
588 0
592 3
618 3
623 2
659 0
671 2
764 2
774 2
885 2
912 2
921 0
928 3
982 0
984 3
1023 2
1053 2
1056 3
1098 3
1102 2
1134 2
1163 2
1174 2
1192 3
1214 3
1224 2
1238 2
1248 0
1258 2
1286 2
1297 0
1352 3
1373 3
1382 2
1414 2
1436 3
1442 3
1453 2
1479 2
1497 2
1506 2
1544 0
1546 3
1606 3
1610 0
1610 2
1622 2
1626 3
1637 0
1662 0
1677 3
1682 2
1763 2
1790 3
1801 3
1816 2
1830 2
1846 3
1864 3
1887 2
1896 2
1918 2
1931 2
1939 0
1953 0
1961 3
1969 3
1973 3
1991 3
1996 2
2040 2
2059 3
2071 3
2076 2
2085 2
2119 2
2129 2
2147 3
2171 3
2183 3
2208 3
2245 2
2265 2
2310 2
2333 2
2359 3
2362 3
2402 2
2431 2
2467 3
2486 3
2499 2
2518 2
2550 2
2561 2
2572 3
2593 3
2639 0
2641 3
2662 3
2666 0
2683 3
2693 3
2704 2
2727 2
2776 2
2794 2
2813 3
2835 3
2865 2
2877 2
2891 2
2914 2
2924 0
2950 2
2956 2
2968 3
2979 3
2982 0
2995 2
3008 2
3070 2
3074 0
3089 2
3100 0
3102 2
3115 2
3142 0
3181 3
3258 0
3260 3
3279 3
3295 3
3317 2
3366 2
3410 2
3424 2
3439 2
3446 2
3465 2
3471 2
3495 3
3520 3
3529 2
3535 2
3548 2
3572 2
3626 3
3653 3
3658 2
3711 2
3721 3
3730 3
3745 2
3753 2
3776 3
3794 3
3817 3
3828 3
3854 3
3865 3
3880 3
3886 3
3921 2
3947 2
3968 3
3979 3
3988 2
4011 2
4029 2
4042 2
4104 2
4115 2
4131 2
4140 2
4164 3
4191 3
4196 2
4226 2
4242 3
4249 3
4270 3
4282 3
4312 3
4317 3
4333 3
4363 3
4378 2
4405 2
4443 2
4472 2
4493 3
4534 3
4536 2
4566 2
4579 2
4595 2
4649 2
4658 2
4706 3
4719 3
4722 2
4742 0
4788 0
4789 2
4790 3
4880 3
4909 3
4916 3
4935 2
4949 2
4978 2
5005 2
5039 2
5055 2
5097 3
5101 0
5106 3
5114 2
5130 2
5138 3
5152 0
5162 3
5179 2
5203 2
5221 3
5225 0
5230 3
5237 2
5264 2
5275 3
5295 0
5301 3
5309 2
5356 2
5374 3
5412 3
5432 0
5436 2
5451 2
5462 3
5513 3
5515 2
5545 3
5546 2
5573 3
5574 2
5584 0
* 93.37100481987