0
1
352 0
368 2
379 2
414 2
423 2
594 2
621 2
641 2
647 2
665 2
680 2
763 3
781 3
791 2
817 2
906 3
925 3
936 3
964 3
983 2
1006 2
1056 2
1066 2
1188 2
1211 2
1257 2
1266 2
1301 3
1310 3
1338 2
1368 2
1379 2
1392 2
1421 3
1434 3
1440 3
1449 3
1462 3
1468 3
1477 3
1542 3
1551 2
1621 2
1707 2
1713 2
1748 3
1757 3
1797 2
1810 2
1840 2
1846 2
1892 2
1898 2
1916 2
1931 2
1953 3
1967 3
1990 3
2009 3
2020 3
2029 3
2091 2
2110 2
2137 3
2143 3
2170 2
2181 2
2190 2
2217 2
2268 2
2274 2
2387 2
2395 2
2430 3
2437 3
2465 3
2496 3
2546 2
2551 2
2579 2
2598 2
2718 2
2729 2
2743 2
2768 2
2786 3
2794 3
2819 3
2836 3
2853 2
2865 2
2866 2
2889 2
2915 2
2947 2
2965 3
3052 3
3096 2
3112 2
3131 2
3153 2
3186 2
3197 2
3229 2
3240 2
3305 3
3319 3
3339 2
3353 2
3380 2
3393 2
3418 3
3423 3
3469 2
3479 2
3503 2
3514 2
3536 3
3583 3
3652 2
3693 2
3703 3
3719 3
3730 2
3742 2
3759 2
3786 2
3814 3
3825 3
3845 2
3856 2
3931 2
3938 2
3962 3
3974 3
4027 3
4068 3
4076 2
4114 2
4140 3
4147 3
4195 2
4204 2
4254 2
4261 2
4280 2
4294 2
4337 2
4349 2
4365 3
4379 3
4419 2
4434 2
4439 2
4480 2
4493 3
4536 3
4550 3
4561 3
4570 3
4612 3
4628 2
4686 2
4729 2
4737 2
4769 3
4776 3
4795 2
4801 2
4861 2
4874 2
4937 3
4947 3
4971 2
5002 2
5041 3
5067 3
5082 3
5091 3
5093 3
5096 3
5119 3
5125 3
5161 2
5171 2
* 86.56098723411561