1
3
352 0
354 2
365 2
367 2
371 2
376 2
394 2
500 3
513 3
580 0
584 2
653 0
666 2
680 3
699 3
710 2
721 2
734 2
746 2
795 3
808 3
820 2
860 2
879 3
889 3
905 3
950 3
996 3
1010 3
1036 2
1060 2
1078 2
1095 2
1147 3
1154 3
1163 0
1189 2
1238 2
1243 0
1265 3
1291 3
1322 2
1349 2
1380 2
1423 0
1438 2
1466 3
1508 0
1610 3
1618 2
1634 2
1639 2
1723 2
1732 3
1737 3
1758 2
1768 2
1778 3
1799 3
1818 2
1824 2
1852 2
1861 2
1917 2
1928 2
1932 0
1942 0
1976 2
1995 0
2009 2
2028 0
2034 3
2056 3
2069 3
2081 3
2091 3
2093 0
2108 3
2132 0
2142 3
2154 3
2185 0
2190 2
2216 0
2227 2
2256 2
2279 2
2305 0
2313 2
2322 2
2337 2
2363 2
2369 0
2398 3
2419 3
2438 2
2478 2
2493 3
2516 3
2542 3
2555 3
2571 3
2590 3
2597 0
2604 3
2613 3
2630 3
2640 3
2642 0
2653 2
2701 2
2735 3
2758 3
2784 2
2809 2
2830 2
2860 2
2866 0
2904 0
2917 3
2924 3
2970 0
2981 2
3051 2
3058 3
3065 3
3067 0
3098 3
3107 3
3124 3
3238 3
3248 2
3322 2
3337 2
3357 2
3406 3
3415 3
3439 0
3467 2
3472 2
3488 2
3498 2
3502 0
3536 0
3540 2
3546 2
3551 0
3589 2
3601 0
3612 2
3620 0
3632 2
3636 0
3646 2
3652 2
3657 2
3669 0
3682 3
3733 3
3751 3
3769 3
3814 2
3826 2
3838 2
3853 2
3884 2
3895 2
3900 0
3908 2
3923 2
3930 2
3941 2
3959 2
3967 2
3983 0
3998 2
4037 2
4046 3
4080 3
4090 2
4105 2
4120 2
4131 2
4156 2
4168 2
4181 3
4194 3
4202 3
4225 3
4249 3
4258 3
4275 3
4298 3
4319 2
4335 2
4344 2
4355 2
4360 2
4366 2
4389 2
4402 2
4413 0
4434 0
4489 2
4511 2
4553 2
4562 2
4605 0
4630 2
4645 2
4651 2
4707 0
4714 2
4728 3
4869 3
4891 2
4964 2
4985 2
5005 2
5025 0
5042 3
5068 3
5074 2
5098 0
5101 2
5196 2
5212 2
5259 2
5271 2
5282 2
5295 2
5345 3
5372 3
5386 3
5413 3
5473 2
5488 0
* 91.33366990089417