0
2
352 0
381 3
391 3
430 2
441 2
497 2
502 2
600 2
604 0
624 2
655 2
673 2
685 0
701 2
716 2
787 3
800 3
833 2
854 2
878 2
885 2
911 3
920 3
935 3
942 3
952 3
956 3
1006 3
1045 3
1052 2
1074 2
1098 2
1108 2
1127 2
1134 2
1160 2
1164 2
1188 0
1194 0
1195 3
1200 3
1245 0
1250 2
1267 2
1286 2
1296 2
1315 2
1321 2
1323 0
1344 3
1354 3
1409 2
1414 2
1430 0
1439 2
1469 2
1481 2
1494 2
1511 0
1538 2
1550 2
1563 3
1606 3
1636 3
1691 3
1710 2
1744 2
1757 2
1780 2
1821 2
1838 2
1866 3
1874 3
1881 3
1889 3
1902 2
1917 0
1919 2
1941 3
1949 3
1977 2
1985 2
2006 0
2028 2
2034 2
2093 2
2097 2
2114 2
2143 2
2174 3
2198 3
2237 3
2262 3
2287 3
2302 3
2313 2
2348 2
2398 3
2412 3
2415 2
2452 2
2496 2
2509 2
2515 2
2530 2
2543 3
2573 3
2588 2
2606 2
2623 2
2641 2
2649 3
2672 3
2689 2
2699 2
2727 3
2749 3
2772 3
2787 3
2823 2
2849 2
2856 3
2874 3
2894 0
2894 2
2898 0
2928 2
2938 3
2962 3
2978 2
3004 2
3010 0
3023 2
3030 2
3090 0
3169 2
3212 2
3262 3
3284 3
3317 3
3381 3
3400 2
3458 2
3466 0
3497 2
3506 2
3517 0
3618 2
3621 2
3651 2
3655 2
3695 2
3699 2
3743 2
3750 2
3785 2
3796 2
3843 2
3850 2
3859 3
3901 3
3952 2
3956 2
3975 2
3984 2
4003 0
4033 2
4051 0
4060 2
4095 2
4101 2
4130 2
4136 2
4157 2
4168 2
4183 2
4188 2
4219 3
4245 3
4256 2
4282 2
4344 3
4352 0
4353 3
4364 3
4368 3
4375 0
4404 3
4444 3
4457 2
4486 2
4504 2
4520 2
4523 0
4539 0
4559 3
4570 3
4599 2
4603 2
4625 2
4642 2
4665 2
4679 2
4712 3
4718 3
4740 2
4746 2
4756 3
4772 3
4782 2
4833 2
4871 3
4885 3
4912 3
4952 3
4962 3
4990 3
5007 2
5057 2
5078 2
5088 2
5129 2
5136 2
5170 3
5178 3
5202 2
5208 2
5248 0
5255 2
5260 2
5288 2
5293 2
5301 0
5328 2
5339 2
5396 0
5398 2
5408 2
5415 0
5443 3
5471 3
5494 3
5510 3
5556 2
* 93.41549253463745