0
2
370 0
398 3
413 3
452 2
465 2
551 2
570 2
600 3
611 3
632 2
664 2
701 2
705 2
724 2
737 2
745 0
763 0
792 3
807 3
831 2
858 2
862 0
921 0
926 3
955 3
987 2
995 2
1005 2
1014 2
1018 3
1060 3
1083 2
1108 0
1109 2
1123 0
1136 2
1140 0
1153 2
1199 3
1224 3
1238 0
1245 2
1288 2
1315 2
1317 2
1341 2
1349 2
1372 3
1385 3
1448 2
1467 2
1495 2
1532 2
1577 3
1646 3
1674 3
1684 3
1710 0
1726 2
1765 2
1788 2
1793 0
1795 2
1810 2
1815 2
1833 2
1839 2
1846 0
1854 2
1865 2
1870 0
1893 3
1916 0
1918 3
1940 2
1970 2
1990 3
2003 0
2007 3
2076 2
2103 2
2161 2
2183 2
2209 3
2239 3
2240 0
2256 0
2292 3
2312 3
2348 3
2355 3
2364 2
2387 2
2444 0
2449 2
2482 2
2489 0
2525 3
2536 3
2549 2
2568 2
2590 2
2598 2
2645 3
2657 3
2682 2
2689 0
2707 2
2745 3
2758 0
2770 3
2794 3
2819 3
2872 0
2888 2
2900 2
2917 2
2929 2
2939 0
2956 2
2965 2
2994 0
3035 3
3058 3
3063 0
3090 2
3155 2
3168 3
3194 3
3256 2
3259 0
3267 2
3296 2
3310 2
3316 2
3324 2
3348 2
3384 2
3389 0
3400 3
3404 3
3412 3
3418 3
3428 3
3442 3
3457 3
3502 3
3549 3
3576 3
3608 2
3658 2
3688 2
3703 2
3738 3
3755 3
3780 2
3793 2
3817 2
3827 2
3858 0
3879 3
3885 0
3899 3
3908 2
3946 2
3967 3
3980 3
3992 2
4016 2
4026 3
4039 3
4065 3
4106 3
4161 2
4203 2
4226 3
4248 3
4257 2
4301 2
4332 0
4374 0
4395 3
4407 3
4423 2
4455 2
4474 3
4483 3
4504 3
4524 3
4583 3
4617 3
4626 2
4678 2
4692 3
4705 3
4722 0
4736 3
4737 0
4744 3
4771 2
4779 2
4801 2
4811 2
4841 2
4878 2
4889 3
4924 3
4935 2
4954 2
4970 2
4972 2
4985 2
5017 2
5062 3
5090 3
5100 3
5150 3
5171 2
5185 2
5206 2
5235 2
5255 2
5284 2
5294 3
5312 3
5340 2
5348 2
5372 3
5376 3
5404 2
5408 2
5435 2
5444 2
5527 2
5552 2
5580 3
5595 3
5616 3
5642 3
5677 3
5688 3
5703 2
5727 2
5738 0
* 96.10991287231445