v -21.115223 0.000000 32.341061
v -17.314796 0.000000 30.288982
v -13.671079 0.000000 28.517752
v -10.184091 0.000000 27.027376
v -6.853819 0.000000 25.817850
v -3.680266 0.000000 24.889174
v -0.663428 0.000000 24.241348
v 2.196688 0.000000 23.874374
v 4.900084 0.000000 23.788250
v 7.446767 0.000000 23.982975
v 9.836726 0.000000 24.458553
v 12.069966 0.000000 25.214981
v 14.146492 0.000000 26.252260
v 16.108044 0.000000 27.513149
v 18.111557 0.000000 28.782410
v 20.172081 0.000000 30.039444
v 22.289600 0.000000 31.284243
v 24.464127 0.000000 32.516815
v 26.695652 0.000000 33.737156
v 28.984180 0.000000 34.945267
v 31.329704 0.000000 36.141144
v 33.732235 0.000000 37.324791
v 36.191761 0.000000 38.496204
v 38.708294 0.000000 39.655392
v 41.281830 0.000000 40.802349
v 43.906940 0.000000 41.933773
v 46.464436 0.000000 42.977165
v 48.905544 0.000000 43.902859
v 51.230263 0.000000 44.710854
v 53.438599 0.000000 45.401146
v 55.530537 0.000000 45.973740
v 57.506088 0.000000 46.428627
v 59.365265 0.000000 46.765823
v 61.108040 0.000000 46.985317
v 62.734432 0.000000 47.087112
v 64.244438 0.000000 47.071205
v 65.638069 0.000000 46.937599
v 66.915298 0.000000 46.686295
v 68.119553 0.000000 46.335373
v 69.319923 0.000000 45.913616
v 70.517326 0.000000 45.421394
v 71.711739 0.000000 44.858704
v 72.903152 0.000000 44.225548
v 74.091591 0.000000 43.521923
v 75.277023 0.000000 42.747837
v 76.459496 0.000000 41.903275
v 77.638954 0.000000 40.988258
v 78.815430 0.000000 40.002769
v 79.988930 0.000000 38.946815
v 81.159424 0.000000 37.820404
v 82.315536 0.000000 36.625896
v 83.388702 0.000000 35.377602
v 84.367531 0.000000 34.077900
v 85.252014 0.000000 32.726788
v 86.042160 0.000000 31.324272
v 86.737953 0.000000 29.870346
v 87.339401 0.000000 28.365021
v 87.846497 0.000000 26.808281
v 88.259262 0.000000 25.200130
v 88.577675 0.000000 23.540575
v 88.801743 0.000000 21.829611
v 88.931465 0.000000 20.067240
v 88.967216 0.000000 18.253983
v 88.937271 0.000000 16.429684
v 88.859451 0.000000 14.619399
v 88.733719 0.000000 12.823130
v 88.560104 0.000000 11.040874
v 88.338593 0.000000 9.272644
v 88.069183 0.000000 7.518415
v 87.751884 0.000000 5.778204
v 87.386688 0.000000 4.052006
v 86.973595 0.000000 2.339821
v 86.512604 0.000000 0.641653
v 86.003723 0.000000 -1.042494
v 85.446945 0.000000 -2.712635
v 84.855324 0.000000 -4.357164
v 84.260735 0.000000 -5.947737
v 83.664627 0.000000 -7.483061
v 83.067017 0.000000 -8.963137
v 82.467888 0.000000 -10.387964
v 81.867241 0.000000 -11.757544
v 81.265083 0.000000 -13.071882
v 80.661415 0.000000 -14.330973
v 80.056229 0.000000 -15.534815
v 79.449524 0.000000 -16.683409
v 78.841324 0.000000 -17.776751
v 78.231598 0.000000 -18.814856
v 77.607857 0.000000 -19.803019
v 76.839668 0.000000 -20.796736
v 75.892303 0.000000 -21.810785
v 74.765770 0.000000 -22.845140
v 73.460098 0.000000 -23.899794
v 71.975235 0.000000 -24.974779
v 70.311203 0.000000 -26.070082
v 68.468033 0.000000 -27.185690
v 66.445702 0.000000 -28.321615
v 64.244164 0.000000 -29.477858
v 61.863495 0.000000 -30.654402
v 59.303665 0.000000 -31.851271
v 56.564636 0.000000 -33.068459
v 53.801731 0.000000 -34.284340
v 51.170120 0.000000 -35.477341
v 48.669872 0.000000 -36.647423
v 46.300930 0.000000 -37.794609
v 44.063343 0.000000 -38.918869
v 41.957092 0.000000 -40.020233
v 39.982147 0.000000 -41.098701
v 38.138557 0.000000 -42.154259
v 36.426281 0.000000 -43.186928
v 34.845356 0.000000 -44.196678
v 33.395741 0.000000 -45.183525
v 32.077480 0.000000 -46.147469
v 30.881977 0.000000 -47.100739
v 29.776970 0.000000 -48.089348
v 28.759407 0.000000 -49.117676
v 27.829258 0.000000 -50.185745
v 26.986553 0.000000 -51.293541
v 26.231266 0.000000 -52.441055
v 25.563400 0.000000 -53.628311
v 24.982975 0.000000 -54.855301
v 24.489967 0.000000 -56.122032
v 24.084396 0.000000 -57.428467
v 23.766247 0.000000 -58.774651
v 23.535530 0.000000 -60.160561
v 23.390121 0.000000 -61.587166
v 23.283329 0.000000 -63.075790
v 23.196072 0.000000 -64.635132
v 23.128345 0.000000 -66.265228
v 23.080147 0.000000 -67.966019
v 23.051479 0.000000 -69.737541
v 23.042339 0.000000 -71.579811
v 23.052731 0.000000 -73.492790
v 23.082653 0.000000 -75.476532
v 23.132103 0.000000 -77.530975
v 23.201084 0.000000 -79.656136
v 23.289593 0.000000 -81.852058
v 23.397633 0.000000 -84.118675
v 23.469318 0.000000 -86.430840
v 23.415680 0.000000 -88.748329
v 23.235580 0.000000 -91.070686
v 22.929024 0.000000 -93.397881
v 22.496010 0.000000 -95.729889
v 21.936523 0.000000 -98.066803
v 21.250587 0.000000 -100.408493
v 20.438187 0.000000 -102.755104
v 19.499329 0.000000 -105.106483
v 18.434013 0.000000 -107.462730
v 17.242222 0.000000 -109.823860
v 15.923988 0.000000 -112.189796
v 14.503878 0.000000 -114.549583
v 13.129536 0.000000 -116.837029
v 11.825531 0.000000 -119.041176
v 10.591894 0.000000 -121.161980
v 9.428610 0.000000 -123.199471
v 8.335663 0.000000 -125.153618
v 7.313083 0.000000 -127.024437
v 6.360845 0.000000 -128.811920
v 5.478970 0.000000 -130.516098
v 4.667447 0.000000 -132.136917
v 3.926268 0.000000 -133.674423
v 3.255451 0.000000 -135.128601
v 2.653813 0.000000 -136.499588
v 2.030481 0.000000 -137.797791
v 1.328351 0.000000 -139.029724
v 0.547413 0.000000 -140.195419
v -0.312315 0.000000 -141.294846
v -1.250852 0.000000 -142.328064
v -2.268177 0.000000 -143.294998
v -3.364313 0.000000 -144.195694
v -4.539237 0.000000 -145.030151
v -5.792956 0.000000 -145.798309
v -7.125491 0.000000 -146.500259
v -8.536808 0.000000 -147.135941
v -10.026943 0.000000 -147.705368
v -11.573612 0.000000 -148.209625
v -13.122455 0.000000 -148.651306
v -14.671018 0.000000 -149.030533
v -16.219269 0.000000 -149.347305
v -17.767235 0.000000 -149.601624
v -19.314884 0.000000 -149.793442
v -20.862259 0.000000 -149.922852
v -22.409313 0.000000 -149.989807
v -23.956070 0.000000 -149.994278
v -25.502548 0.000000 -149.936295
v -27.048710 0.000000 -149.815872
v -28.594593 0.000000 -149.632996
v -30.142220 0.000000 -149.390228
v -31.712868 0.000000 -149.114487
v -33.312290 0.000000 -148.812897
v -34.940449 0.000000 -148.485489
v -36.597294 0.000000 -148.132248
v -38.282909 0.000000 -147.753159
v -39.997261 0.000000 -147.348251
v -41.740307 0.000000 -146.917511
v -43.512127 0.000000 -146.460938
v -45.312675 0.000000 -145.978531
v -47.141914 0.000000 -145.470291
v -48.999977 0.000000 -144.936203
v -50.886681 0.000000 -144.376297
v -52.752480 0.000000 -143.778091
v -54.547619 0.000000 -143.129089
v -56.272171 0.000000 -142.429306
v -57.926094 0.000000 -141.678711
v -59.509388 0.000000 -140.877319
v -61.022026 0.000000 -140.025146
v -62.464073 0.000000 -139.122192
v -63.835495 0.000000 -138.168442
v -65.136261 0.000000 -137.163910
v -66.366417 0.000000 -136.108566
v -67.525963 0.000000 -135.002441
v -68.614853 0.000000 -133.845551
v -69.625977 0.000000 -132.646301
v -70.532341 0.000000 -131.436462
v -71.331375 0.000000 -130.219086
v -72.023056 0.000000 -128.994232
v -72.607437 0.000000 -127.761818
v -73.084465 0.000000 -126.521843
v -73.454170 0.000000 -125.274376
v -73.716545 0.000000 -124.019371
v -73.871582 0.000000 -122.756813
v -73.919281 0.000000 -121.486717
v -73.859650 0.000000 -120.209129
v -73.692688 0.000000 -118.923973
v -73.418983 0.000000 -117.631447
v -73.051552 0.000000 -116.335487
v -72.595665 0.000000 -115.037544
v -72.051376 0.000000 -113.737709
v -71.418640 0.000000 -112.435951
v -70.697487 0.000000 -111.132256
v -69.887901 0.000000 -109.826622
v -68.989883 0.000000 -108.519096
v -68.003464 0.000000 -107.209648
v -66.928581 0.000000 -105.898247
v -65.765289 0.000000 -104.584953
v -64.513588 0.000000 -103.269737
v -63.173431 0.000000 -101.952583
v -61.799637 0.000000 -100.642937
v -60.479439 0.000000 -99.355835
v -59.213985 0.000000 -98.091515
v -58.003208 0.000000 -96.849892
v -56.847130 0.000000 -95.630974
v -55.745796 0.000000 -94.434845
v -54.699146 0.000000 -93.261414
v -53.707207 0.000000 -92.110725
v -52.769966 0.000000 -90.982758
v -51.887470 0.000000 -89.877563
v -51.059658 0.000000 -88.795067
v -50.286552 0.000000 -87.735313
v -49.570324 0.000000 -86.692749
v -48.923782 0.000000 -85.633835
v -48.349094 0.000000 -84.553040
v -47.846272 0.000000 -83.450371
v -47.415298 0.000000 -82.325821
v -47.056164 0.000000 -81.179337
v -46.768890 0.000000 -80.010986
v -46.553474 0.000000 -78.820778
v -46.409908 0.000000 -77.608658
v -46.338188 0.000000 -76.374626
v -46.338326 0.000000 -75.118752
v -46.410316 0.000000 -73.840958
v -46.554581 0.000000 -72.541992
v -46.803726 0.000000 -71.278008
v -47.178238 0.000000 -70.084274
v -47.678127 0.000000 -68.960732
v -48.303383 0.000000 -67.907433
v -49.054005 0.000000 -66.924393
v -49.930004 0.000000 -66.011551
v -50.931381 0.000000 -65.168953
v -52.058098 0.000000 -64.396591
v -53.310215 0.000000 -63.694466
v -54.687706 0.000000 -63.062553
v -56.190567 0.000000 -62.500877
v -57.818764 0.000000 -62.009445
v -59.528080 0.000000 -61.575020
v -61.210213 0.000000 -61.165329
v -62.860207 0.000000 -60.778893
v -64.478149 0.000000 -60.415703
v -66.063980 0.000000 -60.075783
v -67.617706 0.000000 -59.759102
v -69.139297 0.000000 -59.465683
v -70.628830 0.000000 -59.195526
v -72.086258 0.000000 -58.948616
v -73.511543 0.000000 -58.724968
v -74.904770 0.000000 -58.524567
v -76.265892 0.000000 -58.347427
v -77.597168 0.000000 -58.186386
v -78.922134 0.000000 -57.966766
v -80.247108 0.000000 -57.668663
v -81.572067 0.000000 -57.292099
v -82.896980 0.000000 -56.837074
v -84.221893 0.000000 -56.303581
v -85.546799 0.000000 -55.691620
v -86.871643 0.000000 -55.001205
v -88.196526 0.000000 -54.232323
v -89.521362 0.000000 -53.384956
v -90.846191 0.000000 -52.459129
v -92.170975 0.000000 -51.454865
v -93.495773 0.000000 -50.372108
v -94.768478 0.000000 -49.256241
v -95.936989 0.000000 -48.152634
v -97.001389 0.000000 -47.061249
v -97.961609 0.000000 -45.982086
v -98.817665 0.000000 -44.915154
v -99.569557 0.000000 -43.860489
v -100.217300 0.000000 -42.818039
v -100.760895 0.000000 -41.787827
v -101.200310 0.000000 -40.769867
v -101.535561 0.000000 -39.764122
v -101.766670 0.000000 -38.770622
v -101.893616 0.000000 -37.789375
v -101.937874 0.000000 -36.800896
v -101.980164 0.000000 -35.732140
v -102.028229 0.000000 -34.576096
v -102.082054 0.000000 -33.332802
v -102.141670 0.000000 -32.002197
v -102.207016 0.000000 -30.584295
v -102.278145 0.000000 -29.079153
v -102.355049 0.000000 -27.486700
v -102.437721 0.000000 -25.806948
v -102.526138 0.000000 -24.039911
v -102.620331 0.000000 -22.185644
v -102.720291 0.000000 -20.244043
v -102.823822 0.000000 -18.219492
v -102.882729 0.000000 -16.207373
v -102.877258 0.000000 -14.246580
v -102.807426 0.000000 -12.337172
v -102.673210 0.000000 -10.479177
v -102.474625 0.000000 -8.672522
v -102.211685 0.000000 -6.917242
v -101.884377 0.000000 -5.213346
v -101.492691 0.000000 -3.560863
v -101.036636 0.000000 -1.959719
v -100.516220 0.000000 -0.409952
v -99.931442 0.000000 1.088400
v -99.282280 0.000000 2.535408
v -98.574409 0.000000 3.964355
v -97.816826 0.000000 5.428276
v -97.009689 0.000000 6.927811
v -96.152924 0.000000 8.463037
v -95.246567 0.000000 10.033916
v -94.290642 0.000000 11.640410
v -93.285095 0.000000 13.282594
v -92.229980 0.000000 14.960429
v -91.125244 0.000000 16.673920
v -89.970970 0.000000 18.423021
v -88.767059 0.000000 20.207817
v -87.513565 0.000000 22.028265
v -86.211021 0.000000 23.868780
v -84.862427 0.000000 25.636206
v -83.468323 0.000000 27.314953
v -82.028732 0.000000 28.904985
v -80.543617 0.000000 30.406380
v -79.012970 0.000000 31.819096
v -77.436821 0.000000 33.143135
v -75.815193 0.000000 34.378471
v -74.148026 0.000000 35.525158
v -72.435341 0.000000 36.583164
v -70.677185 0.000000 37.552475
v -68.873489 0.000000 38.433128
v -67.025085 0.000000 39.225471
v -65.195290 0.000000 39.957523
v -63.423920 0.000000 40.646889
v -61.710892 0.000000 41.293598
v -60.056232 0.000000 41.897633
v -58.460011 0.000000 42.458984
v -56.922108 0.000000 42.977676
v -55.442600 0.000000 43.453690
v -54.021500 0.000000 43.887024
v -52.658749 0.000000 44.277699
v -51.354378 0.000000 44.625698
v -50.108383 0.000000 44.931023
v -48.920807 0.000000 45.193672
v -47.781830 0.000000 45.405266
v -46.667664 0.000000 45.545296
v -45.577248 0.000000 45.612831
v -44.510529 0.000000 45.607880
v -43.467545 0.000000 45.530434
v -42.448273 0.000000 45.380493
v -41.452759 0.000000 45.158066
v -40.480946 0.000000 44.863136
v -39.532860 0.000000 44.495712
v -38.608517 0.000000 44.055809
v -37.707878 0.000000 43.543404
v -36.830971 0.000000 42.958504
v -35.971836 0.000000 42.304398
v -35.068409 0.000000 41.615471
v -34.104145 0.000000 40.900852
v -33.078987 0.000000 40.160492
v -31.993050 0.000000 39.394470
v -30.846275 0.000000 38.602757
v -29.638603 0.000000 37.785301
v -28.370152 0.000000 36.942188
v -27.040867 0.000000 36.073376
v -25.650681 0.000000 35.178825
v -24.199654 0.000000 34.258572
v -22.687927 0.000000 33.312710